[true, false, true, false, false, false, false, false, false, false, false]
0
2
MAGENTA,12.0,362.0,364.2506042777317,1
15.0,-80.0,350.0,860.0,100.0,100.0,100.0,-100.0,-100.0,-100.0,-100.0,-254.388,true,false,5.0
370.0,271.0,180.0,-20.0,-44.0,13.0,-44.0,-3.0,-77.0,31.0
370.0,261.0,0.0,-20.0,-44.0,13.0,-44.0,-3.0,-77.0,21.0
1
1,1,4
[true, false, false, false, false, true, false, false, false, false, false]
0
5
YELLOW,12.0,362.0,336.41196542454145,1
15.0,-80.0,350.0,-40.0,100.0,100.0,100.0,-100.0,-100.0,-100.0,-100.0,-202.2,true,false,5.0
15.0,-80.0,230.0,-100.0,100.0,100.0,100.0,-100.0,-100.0,-100.0,-100.0,-202.212,true,false,5.0
15.0,-80.0,460.0,-100.0,100.0,100.0,100.0,-100.0,-100.0,-100.0,-100.0,202.224,false,false,5.0
0
0,2,5
[true, false, false, false, false, true, false, false, false, false, false]
0
5
YELLOW,12.0,362.0,395.1434418959577,1
15.0,-80.0,350.0,200.0,100.0,100.0,100.0,-100.0,-100.0,-100.0,-100.0,-184.03199999999998,true,false,5.0
15.0,-80.0,230.0,-100.0,100.0,100.0,100.0,-100.0,-100.0,-100.0,-100.0,-184.04399999999998,true,false,5.0
15.0,-80.0,460.0,-100.0,100.0,100.0,100.0,-100.0,-100.0,-100.0,-100.0,184.05599999999998,false,false,5.0
0
0,2,5
